roll_num,roll_value,timestamp,player_name
1,48,1479332.35,精品骑士
2,50,1479332.53,精品骑士
3,79,1479332.81,精品骑士
4,20,1479332.99,精品骑士
5,12,1479333.17,精品骑士
6,96,1479333.35,精品骑士
7,67,1479333.57,精品骑士
8,40,1479333.71,精品骑士
9,29,1479345.97,精品骑士
10,50,1479346.19,精品骑士
11,51,1479346.33,精品骑士
12,10,1479346.47,精品骑士
13,17,1479346.69,精品骑士
14,36,1479357.60,精品骑士
15,22,1479357.78,精品骑士
16,87,1479358.00,精品骑士
17,33,1479358.13,精品骑士
18,60,1479358.32,精品骑士
19,2,1479358.53,精品骑士
20,55,1479358.68,精品骑士
21,21,1479358.89,精品骑士
22,30,1479359.07,精品骑士
23,88,1479359.21,精品骑士
24,14,1479359.43,精品骑士
25,95,1479359.64,精品骑士
26,89,1479359.82,精品骑士
27,5,1479359.96,精品骑士
28,39,1479360.18,精品骑士
29,98,1479360.37,精品骑士
30,42,1479360.54,精品骑士
31,86,1479360.71,精品骑士
32,47,1479360.93,精品骑士
33,53,1479361.14,精品骑士
34,43,1479361.28,精品骑士
35,78,1479361.50,精品骑士
36,81,1479361.68,精品骑士
37,31,1479361.89,精品骑士
38,4,1479362.03,精品骑士
39,32,1479362.25,精品骑士
40,39,1479362.43,精品骑士
41,64,1479362.61,精品骑士
42,41,1479362.83,精品骑士
43,43,1479363.00,精品骑士
44,50,1479363.18,精品骑士
45,31,1479363.36,精品骑士
46,71,1479363.58,精品骑士
47,97,1479363.79,精品骑士
48,38,1479363.97,精品骑士
49,51,1479364.19,精品骑士
50,10,1479364.33,精品骑士
51,8,1479364.54,精品骑士
52,26,1479364.72,精品骑士
53,30,1479364.90,精品骑士
54,53,1479365.15,精品骑士
55,57,1479365.33,精品骑士
56,2,1479365.51,精品骑士
57,34,1479365.69,精品骑士
58,38,1479365.90,精品骑士
59,50,1479366.29,精品骑士
60,15,1479366.44,精品骑士
61,79,1479366.65,精品骑士
62,57,1479366.86,精品骑士
63,5,1479367.04,精品骑士
64,80,1479367.26,精品骑士
65,54,1479367.44,精品骑士
66,36,1479367.65,精品骑士
67,98,1479367.86,精品骑士
68,95,1479368.01,精品骑士
69,79,1479368.19,精品骑士
70,6,1479368.40,精品骑士
71,89,1479368.61,精品骑士
72,85,1479368.76,精品骑士
73,33,1479368.97,精品骑士
74,40,1479369.18,精品骑士
75,21,1479369.40,精品骑士
76,10,1479369.58,精品骑士
77,31,1479369.72,精品骑士
78,58,1479369.94,精品骑士
79,94,1479370.11,精品骑士
80,77,1479370.32,精品骑士
81,44,1479370.54,精品骑士
82,71,1479370.72,精品骑士
83,21,1479370.94,精品骑士
84,64,1479371.15,精品骑士
85,45,1479371.33,精品骑士
86,35,1479371.54,精品骑士
87,30,1479371.76,精品骑士
88,37,1479371.94,精品骑士
89,73,1479372.15,精品骑士
90,9,1479372.33,精品骑士
91,50,1479372.55,精品骑士
92,36,1479372.76,精品骑士
93,70,1479372.94,精品骑士
94,91,1479373.09,精品骑士
95,44,1479373.30,精品骑士
96,49,1479373.48,精品骑士
97,72,1479373.66,精品骑士
98,33,1479373.88,精品骑士
99,51,1479374.05,精品骑士
100,78,1479374.27,精品骑士
101,59,1479374.48,精品骑士
102,48,1479374.69,精品骑士
103,74,1479374.83,精品骑士
104,86,1479375.03,精品骑士
105,51,1479375.23,精品骑士
106,66,1479375.43,精品骑士
107,28,1479375.66,精品骑士
108,75,1479375.84,精品骑士
109,66,1479376.05,精品骑士
110,91,1479376.23,精品骑士
111,4,1479376.45,精品骑士
112,88,1479376.59,精品骑士
113,52,1479376.85,精品骑士
114,98,1479377.06,精品骑士
115,57,1479377.24,精品骑士
116,27,1479377.41,精品骑士
117,18,1479377.63,精品骑士
118,19,1479377.84,精品骑士
119,7,1479378.02,精品骑士
120,59,1479378.24,精品骑士
121,36,1479378.45,精品骑士
122,84,1479378.66,精品骑士
123,26,1479378.84,精品骑士
124,42,1479379.06,精品骑士
125,85,1479379.24,精品骑士
126,70,1479379.52,精品骑士
127,70,1479379.67,精品骑士
128,68,1479379.88,精品骑士
129,70,1479380.10,精品骑士
130,50,1479380.28,精品骑士
131,27,1479380.49,精品骑士
132,6,1479380.69,精品骑士
133,24,1479380.89,精品骑士
134,26,1479381.07,精品骑士
135,23,1479381.32,精品骑士
136,92,1479381.53,精品骑士
137,27,1479381.75,精品骑士
138,42,1479381.92,精品骑士
139,37,1479382.10,精品骑士
140,85,1479382.32,精品骑士
141,52,1479382.56,精品骑士
142,33,1479382.78,精品骑士
143,100,1479383.03,精品骑士
144,43,1479383.21,精品骑士
145,88,1479383.42,精品骑士
146,91,1479383.61,精品骑士
147,87,1479383.86,精品骑士
148,25,1479384.04,精品骑士
149,94,1479384.22,精品骑士
150,62,1479384.51,精品骑士
151,14,1479384.69,精品骑士
152,48,1479384.87,精品骑士
153,73,1479385.12,精品骑士
154,99,1479385.34,精品骑士
155,17,1479385.51,精品骑士
156,45,1479385.73,精品骑士
157,69,1479385.91,精品骑士
158,93,1479386.13,精品骑士
159,25,1479386.34,精品骑士
160,95,1479386.56,精品骑士
161,63,1479386.74,精品骑士
162,10,1479386.95,精品骑士
163,86,1479387.17,精品骑士
164,69,1479387.42,精品骑士
165,88,1479387.63,精品骑士
166,13,1479387.81,精品骑士
167,1,1479388.03,精品骑士
168,41,1479388.24,精品骑士
169,52,1479388.46,精品骑士
170,63,1479388.64,精品骑士
171,46,1479388.92,精品骑士
172,93,1479389.11,精品骑士
173,12,1479389.31,精品骑士
174,80,1479389.53,精品骑士
175,100,1479389.82,精品骑士
176,69,1479390.00,精品骑士
177,45,1479390.21,精品骑士
178,99,1479390.39,精品骑士
179,57,1479390.64,精品骑士
180,29,1479390.85,精品骑士
181,75,1479391.03,精品骑士
182,40,1479391.25,精品骑士
183,27,1479391.50,精品骑士
184,64,1479391.71,精品骑士
185,72,1479391.93,精品骑士
186,94,1479392.18,精品骑士
187,27,1479392.40,精品骑士
188,6,1479392.64,精品骑士
189,8,1479392.86,精品骑士
190,54,1479393.04,精品骑士
191,57,1479393.29,精品骑士
192,55,1479393.51,精品骑士
193,83,1479393.72,精品骑士
194,77,1479393.91,精品骑士
195,79,1479394.19,精品骑士
196,31,1479394.33,精品骑士
197,67,1479394.59,精品骑士
198,44,1479394.77,精品骑士
199,75,1479394.98,精品骑士
200,18,1479395.20,精品骑士
201,56,1479395.45,精品骑士
202,80,1479395.63,精品骑士
203,5,1479395.92,精品骑士
204,56,1479396.14,精品骑士
205,81,1479396.31,精品骑士
206,57,1479396.56,精品骑士
207,15,1479396.75,精品骑士
208,98,1479397.00,精品骑士
209,32,1479397.18,精品骑士
210,45,1479397.43,精品骑士
211,42,1479397.65,精品骑士
212,24,1479397.85,精品骑士
213,44,1479398.08,精品骑士
214,21,1479398.30,精品骑士
215,12,1479398.51,精品骑士
216,65,1479398.72,精品骑士
217,76,1479398.90,精品骑士
218,83,1479399.12,精品骑士
219,17,1479399.30,精品骑士
220,55,1479399.51,精品骑士
221,72,1479399.73,精品骑士
222,57,1479399.98,精品骑士
223,22,1479400.19,精品骑士
224,58,1479400.39,精品骑士
225,51,1479400.59,精品骑士
226,11,1479400.80,精品骑士
227,33,1479400.98,精品骑士
228,34,1479401.19,精品骑士
229,57,1479401.41,精品骑士
230,84,1479401.59,精品骑士
231,36,1479401.80,精品骑士
232,63,1479402.01,精品骑士
233,2,1479402.19,精品骑士
234,11,1479402.41,精品骑士
235,10,1479402.59,精品骑士
236,27,1479402.81,精品骑士
237,63,1479403.03,精品骑士
238,87,1479403.20,精品骑士
239,69,1479403.42,精品骑士
240,80,1479403.61,精品骑士
241,52,1479403.81,精品骑士
242,65,1479404.03,精品骑士
243,16,1479404.21,精品骑士
244,35,1479404.42,精品骑士
245,31,1479404.64,精品骑士
246,22,1479404.82,精品骑士
247,100,1479405.03,精品骑士
248,79,1479405.25,精品骑士
249,25,1479405.43,精品骑士
250,49,1479405.64,精品骑士
251,9,1479405.89,精品骑士
252,98,1479406.08,精品骑士
253,25,1479406.29,精品骑士
254,83,1479406.51,精品骑士
255,35,1479406.68,精品骑士
256,46,1479406.93,精品骑士
257,66,1479407.15,精品骑士
258,21,1479407.36,精品骑士
259,16,1479407.58,精品骑士
260,36,1479407.76,精品骑士
261,71,1479407.97,精品骑士
262,10,1479408.18,精品骑士
263,71,1479408.40,精品骑士
264,29,1479408.62,精品骑士
265,33,1479408.83,精品骑士
266,24,1479409.01,精品骑士
267,28,1479409.22,精品骑士
268,32,1479409.48,精品骑士
269,22,1479409.69,精品骑士
270,57,1479409.87,精品骑士
271,18,1479410.12,精品骑士
272,25,1479410.27,精品骑士
273,67,1479410.52,精品骑士
274,72,1479410.73,精品骑士
275,86,1479410.92,精品骑士
276,38,1479411.20,精品骑士
277,39,1479411.38,精品骑士
278,1,1479411.63,精品骑士
279,92,1479411.84,精品骑士
280,47,1479412.02,精品骑士
281,20,1479412.23,精品骑士
282,25,1479412.45,精品骑士
283,23,1479412.63,精品骑士
284,37,1479412.88,精品骑士
285,16,1479413.03,精品骑士
286,1,1479413.28,精品骑士
287,38,1479413.50,精品骑士
288,89,1479413.71,精品骑士
289,8,1479413.88,精品骑士
290,27,1479414.10,精品骑士
291,27,1479414.28,精品骑士
292,6,1479414.53,精品骑士
293,79,1479414.78,精品骑士
294,50,1479415.00,精品骑士
295,87,1479415.22,精品骑士
296,50,1479415.36,精品骑士
297,50,1479415.58,精品骑士
298,11,1479415.79,精品骑士
299,1,1479416.05,精品骑士
300,7,1479416.19,精品骑士
301,72,1479416.40,精品骑士
302,65,1479416.66,精品骑士
303,24,1479416.83,精品骑士
304,21,1479417.05,精品骑士
305,54,1479417.27,精品骑士
306,47,1479417.48,精品骑士
307,10,1479417.70,精品骑士
308,72,1479417.88,精品骑士
309,56,1479418.09,精品骑士
310,54,1479418.34,精品骑士
311,25,1479418.52,精品骑士
312,85,1479418.74,精品骑士
313,98,1479418.95,精品骑士
314,41,1479419.13,精品骑士
315,55,1479419.38,精品骑士
316,78,1479419.60,精品骑士
317,96,1479419.78,精品骑士
318,8,1479420.03,精品骑士
319,92,1479420.25,精品骑士
320,27,1479420.50,精品骑士
321,99,1479420.71,精品骑士
322,17,1479420.90,精品骑士
323,41,1479421.12,精品骑士
324,12,1479421.37,精品骑士
325,20,1479421.54,精品骑士
326,39,1479421.76,精品骑士
327,86,1479421.98,精品骑士
328,88,1479422.16,精品骑士
329,62,1479422.41,精品骑士
330,80,1479422.62,精品骑士
331,75,1479422.80,精品骑士
332,97,1479423.02,精品骑士
333,29,1479423.20,精品骑士
334,32,1479423.41,精品骑士
335,26,1479423.63,精品骑士
336,16,1479423.81,精品骑士
337,43,1479424.10,精品骑士
338,49,1479424.28,精品骑士
339,38,1479424.49,精品骑士
340,25,1479424.75,精品骑士
341,56,1479424.93,精品骑士
342,50,1479425.14,精品骑士
343,34,1479425.32,精品骑士
344,58,1479425.57,精品骑士
345,52,1479425.78,精品骑士
346,3,1479426.00,精品骑士
347,8,1479426.25,精品骑士
348,70,1479426.47,精品骑士
349,49,1479426.64,精品骑士
350,100,1479426.86,精品骑士
351,16,1479427.04,精品骑士
352,59,1479427.25,精品骑士
353,58,1479427.50,精品骑士
354,71,1479427.72,精品骑士
355,20,1479427.97,精品骑士
356,40,1479428.15,精品骑士
357,25,1479428.36,精品骑士
358,50,1479428.54,精品骑士
359,30,1479428.76,精品骑士
360,55,1479429.01,精品骑士
361,81,1479429.23,精品骑士
362,92,1479429.41,精品骑士
363,25,1479429.60,精品骑士
364,79,1479429.80,精品骑士
365,22,1479430.01,精品骑士
366,73,1479430.27,精品骑士
367,32,1479430.45,精品骑士
368,56,1479430.63,精品骑士
369,27,1479430.84,精品骑士
370,67,1479431.03,精品骑士
371,55,1479431.31,精品骑士
372,72,1479431.49,精品骑士
373,20,1479431.63,精品骑士
374,62,1479431.88,精品骑士
375,89,1479432.14,精品骑士
376,28,1479432.29,精品骑士
377,36,1479432.57,精品骑士
378,88,1479432.75,精品骑士
379,82,1479433.00,精品骑士
380,85,1479433.18,精品骑士
381,74,1479433.39,精品骑士
382,47,1479433.57,精品骑士
383,61,1479433.79,精品骑士
384,68,1479434.04,精品骑士
385,63,1479434.22,精品骑士
386,60,1479434.43,精品骑士
387,74,1479434.69,精品骑士
388,13,1479434.90,精品骑士
389,22,1479435.09,精品骑士
390,79,1479435.28,精品骑士
391,1,1479435.52,精品骑士
392,73,1479435.70,精品骑士
393,23,1479435.91,精品骑士
394,6,1479436.19,精品骑士
395,30,1479436.37,精品骑士
396,2,1479436.59,精品骑士
397,83,1479436.78,精品骑士
398,50,1479437.06,精品骑士
399,81,1479437.23,精品骑士
400,9,1479437.48,精品骑士
401,64,1479437.70,精品骑士
402,49,1479437.88,精品骑士
403,97,1479438.13,精品骑士
404,10,1479438.34,精品骑士
405,24,1479438.52,精品骑士
406,44,1479438.74,精品骑士
407,69,1479438.99,精品骑士
408,59,1479439.20,精品骑士
409,70,1479439.42,精品骑士
410,24,1479439.60,精品骑士
411,98,1479439.85,精品骑士
412,23,1479440.06,精品骑士
413,90,1479440.28,精品骑士
414,55,1479440.51,精品骑士
415,69,1479440.71,精品骑士
416,2,1479440.89,精品骑士
417,5,1479441.11,精品骑士
418,16,1479441.31,精品骑士
419,4,1479441.53,精品骑士
420,87,1479441.72,精品骑士
421,37,1479441.93,精品骑士
422,27,1479442.14,精品骑士
423,74,1479442.36,精品骑士
424,20,1479442.61,精品骑士
425,55,1479442.75,精品骑士
426,53,1479442.97,精品骑士
427,69,1479443.18,精品骑士
428,84,1479443.40,精品骑士
429,15,1479443.61,精品骑士
430,19,1479443.79,精品骑士
431,72,1479443.99,精品骑士
432,8,1479444.19,精品骑士
433,56,1479444.44,精品骑士
434,95,1479444.62,精品骑士
435,86,1479444.84,精品骑士
436,22,1479445.02,精品骑士
437,69,1479445.27,精品骑士
438,8,1479445.48,精品骑士
439,20,1479445.70,精品骑士
440,92,1479445.91,精品骑士
441,69,1479446.09,精品骑士
442,16,1479446.31,精品骑士
443,31,1479446.52,精品骑士
444,33,1479446.74,精品骑士
445,94,1479446.96,精品骑士
446,19,1479447.21,精品骑士
447,4,1479447.42,精品骑士
448,79,1479447.60,精品骑士
449,7,1479447.81,精品骑士
450,47,1479448.06,精品骑士
451,85,1479448.28,精品骑士
452,98,1479448.46,精品骑士
453,61,1479448.65,精品骑士
454,62,1479448.86,精品骑士
455,31,1479449.14,精品骑士
456,20,1479449.29,精品骑士
457,2,1479449.50,精品骑士
458,3,1479449.72,精品骑士
459,67,1479449.93,精品骑士
460,38,1479450.11,精品骑士
461,27,1479450.36,精品骑士
462,50,1479450.61,精品骑士
463,23,1479450.79,精品骑士
464,31,1479451.04,精品骑士
465,10,1479451.26,精品骑士
466,1,1479451.48,精品骑士
467,58,1479451.73,精品骑士
468,23,1479451.91,精品骑士
469,66,1479452.12,精品骑士
470,95,1479452.31,精品骑士
471,36,1479452.56,精品骑士
472,86,1479452.77,精品骑士
473,43,1479452.99,精品骑士
474,73,1479453.17,精品骑士
475,24,1479453.38,精品骑士
476,32,1479453.63,精品骑士
477,2,1479453.85,精品骑士
478,2,1479454.03,精品骑士
479,50,1479454.24,精品骑士
480,33,1479454.49,精品骑士
481,11,1479454.71,精品骑士
482,97,1479454.92,精品骑士
483,37,1479455.25,精品骑士
484,30,1479455.46,精品骑士
485,72,1479455.71,精品骑士
486,69,1479455.89,精品骑士
487,88,1479456.07,精品骑士
488,65,1479456.32,精品骑士
489,62,1479456.54,精品骑士
490,71,1479456.75,精品骑士
491,34,1479456.97,精品骑士
492,39,1479457.18,精品骑士
493,66,1479457.40,精品骑士
494,81,1479457.58,精品骑士
495,72,1479457.83,精品骑士
496,49,1479458.05,精品骑士
497,92,1479458.23,精品骑士
498,14,1479458.48,精品骑士
499,86,1479458.74,精品骑士
500,10,1479458.88,精品骑士
